72 44 46 3 395 9
16 12 23 32 462 236
99 69 78 4 251 142
35 35 10 88 177 670
74 55 190 4 363 2151
26 66 191 31 895 488
73 42 112 39 607 1918
2 43 37 54 757 228
67 67 10 71 838 1654
43 46 60 83 42 1977
75 46 153 62 631 1697
84 38 176 77 388 890
41 24 29 12 374 325
8 3 112 68 984 509
16 36 164 31 818 1896
1 22 164 13 157 566
68 62 137 5 615 410
76 21 97 28 910 18
99 72 150 3 438 144
23 76 23 85 284 1635
46 21 152 60 761 1083
17 23 49 10 1023 1240
31 26 68 88 833 1863
28 2 180 88 859 2095
47 20 36 54 839 415
70 57 174 14 351 498
4 40 137 35 738 102
58 0 188 25 227 1086
21 8 56 6 366 1504
53 49 111 61 372 1787
74 26 16 36 235 517
82 19 146 71 892 2122
93 12 98 84 79 1221
88 53 56 61 414 1143
31 30 5 52 195 1036
29 5 87 66 973 1844
58 6 133 95 382 1687
19 18 17 38 781 1168
50 9 175 74 552 113
67 68 123 87 951 937
3 5 153 49 840 1816
9 11 147 62 724 401
54 62 96 42 905 1732
38 0 33 90 210 696
41 62 91 46 553 1909
13 40 144 43 88 648
21 72 171 40 193 1758
66 45 127 80 668 294
2 6 67 94 202 1316
1 42 135 79 564 1780
9 44 146 58 535 1880
81 4 3 85 386 116
43 18 49 16 771 1493
68 47 128 84 238 2021
97 32 94 79 201 1553
67 15 29 36 1016 372
7 16 120 58 66 1078
90 37 89 3 77 1733
43 58 104 87 437 1529
95 32 60 31 336 933
42 42 107 16 610 1788
68 55 159 58 445 52
41 16 20 71 671 1538
89 56 128 42 956 301
15 42 183 72 36 1179
50 2 172 48 668 641
25 76 17 63 414 869
46 63 48 80 779 2135
36 53 79 95 848 838
18 52 111 35 576 486
96 69 103 81 372 135
88 28 149 81 903 905
4 66 77 83 403 2142
37 49 25 29 36 1864
52 38 119 6 82 1415
30 17 100 91 951 906
89 55 155 51 293 1746
47 61 158 42 471 361
84 24 40 59 986 341
4 58 103 95 350 1526
4 74 105 68 94 1184
82 25 78 13 738 611
62 44 32 31 553 1275
57 49 35 65 40 1373
52 44 174 46 667 322
65 50 167 75 532 1541
66 45 2 78 336 2173
15 17 82 86 56 262
82 6 7 21 934 740
97 46 124 58 208 684
85 34 11 29 413 821
16 5 67 0 541 2169
35 60 108 17 1012 1781
3 75 88 42 156 567
57 61 3 38 58 223
27 2 127 86 557 1394
93 41 167 36 928 781
22 2 137 70 145 1887
49 58 102 53 838 401
88 39 30 80 691 444
74 50 94 31 61 2025
85 76 123 95 480 208
88 35 156 21 651 1721
44 75 36 24 72 621
6 22 173 68 916 1340
70 67 157 21 553 1901
5 62 57 49 607 317
69 74 61 77 788 1780
4 42 158 41 533 1955
87 15 58 51 661 21
90 7 124 22 734 988
63 22 87 52 991 1010
66 71 49 72 197 907
71 16 166 89 485 383
96 12 10 43 312 568
99 65 20 35 557 800
24 6 4 76 701 672
78 34 167 81 190 198
97 58 143 50 487 868
11 2 89 39 278 1582
29 69 104 13 417 7
53 31 71 50 311 1662
71 74 173 84 565 1363
54 47 13 29 261 507
49 30 127 54 743 608
12 11 23 21 45 572
37 59 125 64 535 1201
52 22 189 1 929 1270
12 0 122 75 48 790
45 75 95 67 998 2065
69 9 50 29 961 528
80 73 1 75 81 571
98 60 0 82 563 1132
41 66 179 30 851 2018
52 60 162 56 984 439
62 52 153 86 418 274
26 7 106 9 665 34
84 27 69 63 682 1937
93 5 158 13 566 1943
92 5 183 3 740 1212
95 43 33 30 229 1823
67 62 15 6 902 1675
1 68 186 94 59 436
81 63 10 32 392 395
4 49 29 21 1004 668
47 37 72 21 108 1618
72 30 91 8 952 1938
65 8 29 22 387 2141
45 21 142 23 379 233
21 57 102 79 316 825
59 13 20 40 577 1169
17 26 81 1 511 1038
9 57 177 87 620 583
66 30 74 4 737 249
50 18 141 31 100 842
3 52 141 93 894 1835
17 16 82 23 77 446
2 6 161 53 343 1681
25 8 114 39 679 1833
94 11 141 96 55 585
48 45 65 83 982 1872
16 20 23 64 693 1377
30 33 59 72 305 648
7 71 31 36 964 1156
94 55 22 51 348 1021
32 63 88 52 499 1396
61 74 59 13 457 844
10 50 34 70 829 1289
63 64 77 80 64 1463
39 28 47 78 998 1181
37 0 17 81 55 882
74 15 151 52 635 1771
77 9 97 63 455 342
85 13 168 57 202 1103
57 63 164 49 343 781
16 75 108 83 77 1482
61 45 165 72 38 1316
10 46 141 29 259 1742
56 37 81 80 466 787
13 77 170 66 393 534
32 28 170 49 627 354
48 50 170 64 58 778
15 64 121 65 825 1038
93 41 96 15 856 1939
72 56 184 13 818 2062
59 32 173 42 696 72
87 42 60 6 868 1545
97 31 44 41 244 1897
22 5 30 11 904 1960
62 72 35 92 652 1744
85 58 20 14 1024 2045
46 6 134 13 842 20
74 34 111 4 247 1612
56 63 29 34 992 352
60 8 15 71 260 1834
93 66 173 90 84 487
27 4 83 87 27 878
4 43 12 88 323 1295
18 22 155 82 573 1053
31 38 143 4 697 542
48 68 33 7 58 652
48 68 103 53 496 485
34 28 135 42 967 1839
22 8 8 48 853 1853
68 77 172 92 612 1664
88 49 127 62 480 1567
24 51 134 10 946 1183
79 35 39 87 364 282
79 3 56 19 943 2028
19 61 102 72 373 732
32 16 153 74 820 1768
27 29 113 35 522 1766
86 34 100 24 627 402
58 16 2 45 479 65
13 61 129 92 645 619
99 61 90 24 846 1185
87 38 183 51 695 931
64 76 111 23 276 1566
56 34 189 40 987 167
71 75 51 28 443 1294
68 65 152 45 632 1017
80 7 49 20 474 174
40 74 184 16 496 1717
80 55 67 11 344 498
28 14 66 31 714 1845
51 39 18 26 115 263
20 74 93 66 449 2004
61 58 136 74 212 496
61 15 77 54 483 200
22 10 13 40 137 343
58 32 121 81 305 670
91 46 108 8 463 752
50 57 189 5 754 2009
48 26 143 67 629 1192
79 51 17 41 373 302
38 14 81 76 349 657
92 20 176 79 195 48
78 37 3 48 397 1885
25 16 86 81 874 2046
85 2 183 53 414 290
80 19 14 2 474 60
38 48 110 38 610 1268
25 15 22 87 406 658
6 2 119 53 409 1565
55 15 167 87 269 686
2 73 19 30 522 1628
74 21 98 55 789 416
29 25 51 62 867 1674
79 36 107 85 713 1012
81 24 16 90 178 286
49 20 143 11 683 673
91 63 124 79 302 1018
98 41 140 39 1005 2024
28 0 187 69 856 1294
41 31 86 66 309 2160
65 68 8 55 55 1665
55 16 106 49 478 1311
9 76 132 87 826 1347
96 65 0 57 795 842
31 48 172 59 826 491
42 52 123 51 267 684
2 42 42 11 240 1246
90 1 78 87 89 458
27 58 172 18 181 558
22 12 160 6 373 405
72 17 24 71 606 1718
42 72 163 53 969 1830
27 72 93 9 89 734
50 7 107 66 775 706
64 57 166 23 256 1725
42 24 124 57 968 1413
85 27 141 65 375 1875
56 24 33 41 311 2122
22 12 57 32 696 2103
70 14 9 60 12 1702
34 8 168 17 444 915
75 6 75 64 871 1131
27 31 26 89 158 1376
32 65 188 91 896 447
33 71 129 49 547 32
68 45 157 69 752 2049
32 36 116 36 35 943
11 67 20 42 976 2127
69 48 11 83 630 2042
29 19 71 55 1020 460
16 37 55 9 965 367
24 15 98 62 179 1037
19 58 53 80 335 1483
37 17 97 29 759 647
10 14 129 38 377 1844
36 49 20 0 423 449
97 72 157 93 208 491
68 33 95 20 895 1849
95 27 168 76 129 1794
10 29 122 30 25 516
6 48 10 64 371 962
25 69 29 24 905 490
12 51 93 40 690 1761
47 77 161 60 786 531
96 72 180 15 933 1066
31 4 189 2 380 1162
95 43 9 75 974 769
12 22 166 42 731 1332
61 25 61 60 398 2119
13 3 132 52 782 1776
42 5 54 72 977 408
83 75 149 29 1004 1572
72 38 27 61 395 801
87 20 98 39 804 2026
64 18 175 60 895 750
65 55 78 6 484 2094
14 62 88 54 754 340
7 47 56 78 12 2002
84 63 11 49 519 545
91 14 39 4 589 1938
67 29 19 20 443 146
42 36 149 27 869 582
96 43 83 36 641 595
61 35 47 73 737 1043
15 5 7 39 450 2062
82 36 97 19 133 283
45 63 54 79 280 1111
54 16 128 74 273 1056
91 61 173 31 443 1397
80 21 81 91 831 1879
0 62 148 75 252 1164
5 5 45 26 123 633
29 72 180 80 728 970
37 36 159 96 986 1529
27 28 188 29 598 700
29 14 186 45 669 195
80 47 114 18 780 1375
88 53 99 13 787 1358
87 4 37 8 742 1335
14 12 104 53 958 2145
20 34 156 21 545 1886
54 15 85 63 943 1012
37 3 68 16 967 132
55 69 50 81 11 222
65 41 7 65 950 895
63 71 20 44 911 2133
75 68 172 93 846 1092
12 73 32 89 914 865
71 30 143 50 915 1062
9 30 184 77 984 2117
57 64 191 63 484 1240
59 56 30 69 786 1675
60 6 66 57 121 1126
67 58 100 85 863 998
68 17 183 49 924 1045
38 68 155 85 964 719
90 57 48 47 145 1694
52 68 146 86 787 2100
79 42 143 62 920 1495
0 34 129 80 370 263
9 21 78 7 540 1550
25 41 182 32 930 161
96 14 3 21 160 1894
49 56 96 35 72 1069
61 49 4 52 847 217
89 59 65 85 851 1512
62 22 71 80 656 142
5 12 33 25 786 581
77 31 136 76 541 334
27 56 62 32 359 1025
46 44 60 50 332 1198
72 22 132 13 0 1528
99 54 93 17 943 1296
64 70 132 60 180 1139
59 37 110 53 715 2120
57 33 56 76 430 1411
80 30 163 92 61 1573
92 75 64 48 108 1979
60 22 41 61 521 471
8 74 48 55 602 597
31 1 154 93 115 1092
26 65 56 8 750 1948
90 15 1 55 208 88
94 3 15 38 654 225
72 49 72 84 791 233
70 72 76 95 880 1129
99 52 172 86 822 936
83 42 150 15 16 1533
76 20 182 38 248 503
3 29 125 70 733 539
78 11 151 13 588 565
4 20 9 8 810 2008
37 2 47 51 654 1681
86 9 141 52 88 463
52 66 151 96 61 91
99 76 94 4 719 1811
91 67 68 31 952 1888
15 56 28 65 535 319
19 69 87 51 832 1638
99 70 171 53 1018 296
79 72 106 80 821 991
48 77 172 12 682 907
56 15 103 9 398 1375
66 73 4 3 324 719
86 4 23 39 600 2031
62 19 181 73 697 674
2 22 174 66 559 1538
63 69 76 4 237 1590
75 28 164 29 69 1961
87 1 77 64 419 899
80 6 154 79 540 951
49 47 134 3 699 661
28 29 153 55 1009 30
17 25 137 66 137 21
81 51 100 62 686 911
96 50 157 43 701 111
46 6 103 4 689 1527
57 56 86 30 259 689
58 45 40 38 335 1182
3 67 22 42 216 726
32 15 42 45 435 691
21 11 1 82 817 1832
18 41 142 94 75 73
50 12 150 89 153 633
52 77 65 59 734 1266
86 36 178 48 205 1373
59 34 46 29 278 1444
74 74 136 58 173 1423
87 51 156 43 361 225
73 70 48 95 67 1744
83 64 36 92 527 1474
10 44 143 30 476 2145
68 77 150 87 961 664
72 25 28 69 953 1715
90 4 77 10 1020 899
37 19 64 69 991 906
0 65 159 9 168 1761
71 5 100 45 577 1350
23 32 110 52 689 1471
95 30 27 59 548 2130
78 44 168 29 40 1081
36 67 141 75 302 446
96 64 72 10 723 1017
27 1 82 15 261 2071
1 72 28 17 936 419
37 20 167 63 675 1528
91 33 185 34 440 1385
95 62 192 67 927 820
96 18 154 13 108 1194
14 16 133 69 526 1046
50 68 154 26 196 1218
62 40 63 46 765 1043
52 14 13 70 700 2125
19 60 178 46 966 976
48 28 110 51 295 932
58 13 51 90 413 1591
0 31 162 7 93 1187
79 26 164 23 193 2069
66 4 109 91 852 685
76 7 49 92 96 1215
11 73 5 5 33 527
28 13 144 31 874 2056
42 67 32 18 130 522
88 44 44 16 486 2092
56 69 134 16 792 1508
46 63 27 39 52 223
72 64 190 41 188 1935
13 48 46 23 524 693
49 4 33 11 549 1695
79 64 77 94 418 1884
89 30 79 11 708 2132
96 47 75 12 160 682
84 55 72 46 190 1461
70 49 138 3 92 447
51 10 42 37 541 440
86 56 147 8 630 1398
87 13 35 79 896 1510
48 32 126 88 652 1185
95 31 24 24 904 395
30 44 172 16 631 1499
22 8 80 48 989 1361
26 76 25 65 557 1022
3 63 157 56 724 780
97 42 134 5 152 1114
72 40 64 35 729 1664
16 70 143 38 173 1348
40 8 106 48 594 1270
77 29 65 91 523 107
92 0 48 91 228 843
9 13 56 8 887 979
83 76 15 17 962 1600
18 73 175 81 498 188
66 5 52 65 252 251
17 10 157 67 467 1183
93 11 177 30 246 1335
43 57 80 5 781 1425
57 37 53 52 957 1231
48 38 182 47 23 1
20 1 1 50 645 1937
24 30 51 67 245 802
97 76 130 29 163 930
73 20 120 1 848 483
9 55 110 59 553 1365
36 43 38 72 704 231
74 21 4 41 534 1746
31 44 158 4 506 432
39 41 58 42 771 96
20 42 4 85 285 299
15 8 177 1 833 394
90 31 10 44 154 444
51 54 163 50 518 2140
47 76 138 47 738 1673
59 28 146 58 576 1422
97 63 39 87 89 1059
5 1 170 63 432 1355
30 15 4 84 811 1921
73 1 62 64 210 1534
37 34 173 26 127 1686
25 72 148 35 69 976
85 67 89 44 506 1070
46 61 90 15 993 1767
30 64 51 13 376 2169
81 35 27 69 916 435
66 51 16 24 533 629
59 7 176 87 586 1410
85 43 93 22 762 375
38 70 187 67 832 220
22 38 23 83 507 1196
88 66 125 73 394 880
15 42 32 60 567 400
90 51 44 70 135 127
21 13 67 15 130 836
37 1 154 15 1001 1842
72 44 179 76 3 751
50 1 59 13 420 448
11 18 104 42 484 97
81 52 108 65 268 835
44 58 25 70 997 310
1 41 22 3 555 736
49 68 12 38 242 125
10 44 180 30 516 723
21 20 12 25 151 926
58 47 41 46 484 413
15 57 90 40 182 2167
92 7 62 55 309 1696
96 62 84 43 291 1710
89 10 114 15 43 1093
22 38 11 16 101 1530
32 37 183 32 761 2034
50 63 189 45 74 1150
24 71 132 41 6 1011
76 9 21 69 61 2084
18 51 72 62 652 2014
81 63 53 7 398 1965
24 4 83 50 231 2007
37 35 10 15 40 1084
4 63 36 62 805 1569
32 46 141 22 863 939
77 18 112 0 861 1253
13 43 119 92 732 1963
33 67 68 11 303 920
94 38 160 37 190 1097
1 39 157 89 218 1611
10 58 78 47 10 1566
95 1 37 89 899 256
81 66 103 62 341 8
19 0 29 30 692 907
85 22 1 63 68 1000
23 43 28 11 900 135
33 74 103 45 13 1076
11 51 84 91 127 1709
95 33 166 85 71 1543
97 67 165 85 777 246
74 19 184 0 245 257
46 51 90 41 871 321
70 32 19 12 174 204
81 42 117 55 797 2100
89 11 85 34 30 161
13 42 157 88 417 954
34 22 155 67 386 797
26 67 23 58 349 1450
94 15 56 3 881 722
40 28 27 88 330 789
45 5 64 44 37 927
84 53 176 85 113 1453
42 61 189 96 893 1775
2 61 37 82 875 1892
17 25 105 60 868 545
96 24 77 93 233 2141
28 25 110 91 661 1707
23 26 108 41 61 691
34 67 2 28 188 1089
14 38 131 53 112 2122
52 33 53 55 482 262
50 77 178 32 363 875
74 32 178 32 311 117
18 40 100 37 228 1261
92 34 162 70 866 1955
0 18 69 64 138 1059
1 18 149 59 534 14
5 22 1 31 961 1999
75 53 82 70 956 600
26 41 67 63 564 912
20 13 20 83 740 988
84 46 192 76 655 1783
37 18 187 66 63 1438
70 39 71 17 603 1922
19 24 175 25 137 1242
73 32 9 11 665 1827
70 25 72 93 339 1503
62 18 175 68 668 12
72 56 120 85 829 1636
63 74 59 93 287 361
85 8 48 6 868 520
26 56 45 8 918 2103
3 76 176 3 379 293
79 47 51 66 50 14
11 56 134 36 397 1438
86 52 3 87 486 96
25 38 135 81 568 715
28 30 11 89 623 1885
30 54 5 74 865 933
54 4 31 11 303 1804
31 35 186 96 528 217
7 27 61 67 249 1770
9 48 57 46 436 452
78 71 164 60 282 547
7 26 67 78 87 1268
1 14 20 3 494 1862
54 28 150 1 509 46
37 41 181 55 870 612
30 34 120 87 669 121
55 56 147 24 683 485
67 56 176 3 445 1831
87 49 127 48 671 2059
63 47 128 22 205 529
57 16 97 17 459 9
96 53 87 46 796 1171
21 14 98 45 270 2078
43 19 139 27 404 529
60 61 71 17 609 394
88 19 192 94 222 44
2 54 86 89 351 282
60 55 44 4 488 62
0 17 144 69 406 948
67 12 111 30 131 1734
24 39 97 22 405 1203
56 18 84 49 618 1805
62 14 77 43 551 1686
29 9 95 69 775 1538
92 58 41 23 707 178
72 61 73 30 47 822
18 10 117 63 695 662
10 70 161 56 165 1740
71 5 9 62 208 293
42 75 23 3 73 224
80 34 90 21 336 344
82 52 128 49 651 1007
40 57 80 81 124 1816
63 27 13 89 246 577
14 6 111 0 996 1372
99 22 95 48 156 2122
9 14 97 96 369 741
29 53 28 69 667 354
45 13 104 39 519 608
3 15 161 85 272 685
96 62 185 64 921 1097
87 45 188 52 933 182
4 42 57 31 602 801
12 53 163 79 164 1699
5 77 89 88 208 2162
68 0 41 10 592 1227
98 6 48 30 726 1024
57 3 37 82 631 1958
4 49 21 50 881 1089
27 20 6 25 306 976
34 18 28 43 706 1862
37 2 138 21 543 661
22 59 50 19 114 2061
88 76 131 79 441 1193
29 17 120 36 1005 2065
14 61 82 45 402 2057
55 64 86 30 149 1254
21 37 34 58 15 476
17 4 72 89 316 597
70 52 20 53 967 575
16 2 59 45 939 1832
2 23 111 13 45 1644
22 69 109 93 305 1322
7 62 64 58 55 800
31 26 160 85 414 1513
49 35 37 3 871 1541
26 64 91 66 675 516
54 18 121 67 260 1062
71 53 1 11 40 1092
93 70 93 61 345 1472
69 8 112 67 148 1595
78 16 177 7 530 1675
41 56 16 51 676 873
14 47 74 77 315 789
48 26 95 72 1000 892
81 65 61 69 278 452
68 22 156 1 855 1408
8 51 19 91 61 346
99 17 59 22 463 586
64 17 71 40 993 671
68 45 143 28 804 498
11 35 170 65 161 544
81 36 77 41 964 286
84 31 45 95 259 719
0 56 143 13 995 1866
80 26 121 24 950 1239
41 41 10 73 894 1563
19 68 172 16 850 2111
54 55 24 5 203 403
7 62 153 24 534 340
50 39 187 59 545 1788
19 64 5 74 618 1558
24 50 155 85 583 764
40 11 115 90 908 1425
50 58 154 10 627 1517
22 5 144 14 41 53
83 12 162 10 5 1098
22 75 115 62 627 1160
65 55 5 53 297 1690
35 6 9 31 540 1909
95 52 44 18 803 1761
25 75 154 90 232 1534
74 14 182 38 522 1925
0 47 141 5 501 1488
40 70 73 5 923 136
21 47 166 80 357 1096
52 18 172 58 110 2078
0 22 115 83 485 992
48 56 58 41 919 120
49 59 146 57 240 0
72 12 176 20 628 1138
43 48 58 35 1005 1682
41 21 179 85 79 494
29 63 19 34 198 1510
62 51 131 27 979 1649
99 62 64 88 549 1660
21 50 110 5 974 1454
76 54 22 86 146 439
47 13 25 77 605 953
94 31 125 62 594 1375
54 12 151 46 5 1472
83 67 190 79 574 779
18 9 186 56 927 1515
86 0 80 77 131 2020
46 33 71 9 327 1325
47 25 58 56 274 1500
5 6 119 48 460 1366
70 52 29 47 421 1934
90 66 91 61 884 1604
13 0 147 28 166 478
46 38 69 96 490 1519
99 21 155 89 908 1152
85 46 45 82 654 294
95 17 152 87 246 1353
11 18 160 19 35 501
51 4 23 3 721 1270
35 60 151 9 73 1594
33 72 101 45 704 1883
68 43 111 25 513 1704
87 9 30 28 500 1714
85 63 185 1 114 1459
9 73 54 87 694 929
11 61 142 8 3 885
4 13 37 47 165 2021
19 47 128 48 291 902
67 13 48 81 57 658
26 7 151 42 281 193
71 77 94 2 189 1337
91 12 93 27 476 971
87 27 62 9 318 1353
85 41 107 14 802 783
78 76 33 41 250 895
27 39 168 6 769 1145
3 32 16 93 654 1538
34 47 170 27 28 756
78 14 83 36 931 749
50 47 144 51 236 446
87 37 5 91 767 1425
59 51 10 81 339 989
91 53 3 89 655 590
51 59 121 59 249 535
42 50 186 10 902 2158
41 0 189 13 507 1511
43 6 12 75 649 2138
84 20 61 23 2 997
82 54 163 57 101 1985
13 56 119 43 980 330
24 20 23 60 870 720
16 70 85 35 224 109
6 31 160 18 819 453
97 7 28 48 469 1063
29 56 57 67 65 1009
95 64 36 50 811 2173
90 60 133 69 178 736
90 45 33 83 658 183
73 46 96 92 57 819
43 23 122 39 335 1367
91 38 68 18 858 1874
46 46 43 85 990 503
30 18 71 67 514 1380
74 18 14 17 67 1524
69 41 184 17 259 1852
77 73 37 89 379 1503
45 29 139 44 471 1044
31 17 173 73 486 629
70 64 50 63 472 1138
83 20 165 65 732 547
37 36 70 6 441 509
0 0 180 62 572 270
77 58 35 71 898 587
25 63 50 1 574 759
17 11 164 80 252 970
39 61 69 47 274 844
44 37 17 53 985 1521
58 4 31 27 695 1465
1 57 52 57 204 474
62 14 129 17 93 2150
71 43 92 59 130 719
91 20 73 88 425 949
77 50 98 23 633 1743
63 13 23 47 146 1452
35 8 173 48 962 658
55 60 20 13 648 1945
53 61 42 2 627 956
28 2 117 81 615 2119
91 49 163 69 881 1735
38 22 6 1 511 979
40 7 91 95 108 503
43 16 77 78 244 1822
28 56 160 34 191 324
38 66 66 50 253 2016
44 1 83 22 798 2168
30 32 53 16 138 1931
74 1 132 90 747 717
6 20 168 45 550 1325
67 22 6 9 19 94
18 12 185 84 697 2105
32 36 72 17 254 1064
63 14 99 5 209 1015
80 57 123 71 469 1694
74 77 39 94 326 320
26 34 0 19 464 1993
96 23 122 30 587 1429
78 26 111 21 648 1765
71 76 82 11 498 322
68 51 78 1 506 1327
6 58 151 59 102 2043
38 23 47 93 382 1591
24 51 44 33 885 1592
75 14 55 78 590 55
28 44 171 36 558 1508
15 22 191 61 565 1504
47 54 100 90 380 607
79 38 10 35 563 902
28 41 141 36 139 984
29 26 4 1 860 724
85 15 81 17 147 806
62 42 14 43 429 1647
16 59 25 31 625 1635
43 4 85 63 12 52
32 75 34 67 545 1638
89 19 187 65 1007 1850
41 66 59 49 744 1986
8 48 120 51 687 120
24 62 165 9 372 2082
65 75 41 43 829 408
10 73 115 92 153 850
30 26 109 53 794 1306
25 67 95 15 612 1572
55 57 185 89 61 193
49 61 35 85 421 136
55 36 177 67 815 410
68 1 182 92 328 1029
11 68 185 61 414 2128
64 12 33 21 180 838
1 66 189 76 950 1645
96 26 57 65 636 20
15 40 40 72 1019 1227
42 8 77 33 803 1150
1 38 119 77 462 439
5 66 166 75 396 952
18 57 181 41 258 827
40 7 31 77 147 79
42 33 64 31 355 1915
9 7 103 56 647 572
72 2 123 38 662 707
15 11 57 16 100 416
84 41 50 42 928 1644
30 51 11 19 826 203
89 19 3 68 937 143
44 46 49 19 768 913
22 32 75 83 437 1949
15 73 56 51 529 69
17 16 11 3 900 1978
26 53 45 5 464 775
94 52 57 64 485 1040
60 43 46 92 769 1726
71 21 5 45 133 78
9 57 116 86 938 144
8 26 28 79 650 76
24 38 76 83 9 1040
49 64 79 94 97 1584
79 74 84 94 555 228
68 74 74 62 285 797
23 6 60 93 663 1615
76 4 79 65 633 435
14 43 188 46 645 373
19 7 128 21 712 1294
32 34 169 34 652 2159
72 65 10 87 526 464
27 14 14 96 922 1263
95 23 8 83 1007 605
74 21 49 48 803 428
7 40 68 14 803 1770
46 16 99 30 85 621
20 67 109 47 188 567
98 74 0 8 757 1791
35 76 70 76 258 1770
68 26 144 2 499 2038
95 62 96 35 916 1185
36 58 188 13 1 316
50 43 74 42 934 625
49 55 148 94 161 1826
96 30 122 2 805 928
17 77 124 53 444 479
21 10 155 19 302 1844
52 25 140 74 370 1591
84 55 165 4 263 1663
64 35 146 12 726 364
68 67 107 49 906 398
20 50 117 26 680 768
93 8 100 80 521 977
9 61 78 14 779 1900
35 45 187 84 519 1598
55 52 65 38 118 1457
80 66 127 64 456 2025
24 33 152 36 73 669
60 19 12 76 958 837
59 35 87 45 37 2132
11 70 155 64 281 974
95 2 179 9 671 943
30 28 59 93 610 1721
51 38 143 72 30 793
41 35 167 55 863 1487
48 11 27 59 589 114
90 5 5 91 802 1373
11 68 144 13 862 797
10 6 43 59 732 1421
82 6 163 6 174 566
41 11 125 18 283 195
57 28 159 5 80 1705
22 42 18 24 945 2022
15 14 121 3 265 434
34 57 42 18 558 1529
12 20 102 18 427 1010
31 17 27 38 410 38
17 39 133 13 72 1452
2 14 28 0 52 1724
57 39 16 84 801 213
14 20 157 68 194 1725
83 77 136 31 331 1134
75 20 181 68 205 1919
22 54 78 84 764 851
14 53 163 18 139 1524
5 3 11 85 147 816
41 17 175 74 772 597
43 76 107 93 279 1503
62 17 7 84 897 1465
88 68 50 82 203 226
13 56 147 74 661 1417
86 66 87 34 743 1446
58 11 177 3 590 952
16 61 191 52 843 615
60 4 41 38 1022 1872
5 8 129 60 968 309
69 65 152 90 274 1403
99 32 170 63 76 1481
97 22 77 34 892 454
93 45 25 41 200 432
18 59 146 58 226 526
69 19 179 68 357 1426
72 5 55 14 825 671
54 5 86 6 908 1270
89 67 70 94 773 794
12 24 89 86 21 1559
31 1 127 26 854 2049
4 9 95 30 151 1831
44 50 169 20 923 993
65 20 94 23 698 711
77 33 14 3 91 1331
26 18 30 45 26 2055
77 66 146 80 575 2005
55 20 185 22 496 551
38 59 160 32 35 245
59 6 12 56 594 214
26 64 185 7 959 638
41 10 186 70 601 409
68 51 80 36 457 1665
71 12 50 19 1014 976