85,63,1
42,21,0
91,79,1
81,73,1
72,11,0
75,35,0
85,31,0
70,29,0
86,93,1
22,81,0
30,69,0
57,94,0
98,57,0
98,27,0
57,56,0
64,84,1
84,91,1
57,9,0
56,81,0
87,46,0
43,74,0
3,12,0
19,83,0
51,95,0
30,88,0
43,16,0
48,78,0
81,64,1
56,86,0
81,19,0
39,56,0
67,94,1
75,67,1
75,31,0
15,81,0
86,91,1
39,88,0
71,48,0
85,36,0
28,90,0
82,53,0
53,8,0
32,31,0
5,58,0
81,12,0
81,37,0
35,63,0
39,33,0
72,65,1
20,96,0
13,53,0
78,95,1
7,13,0
3,96,0
92,72,1
40,88,0
44,87,0
96,18,0
76,21,0
66,53,0
1,32,0
19,6,0
12,30,0
13,77,0
71,35,0
28,4,0
34,0,0
62,18,0
78,6,0
66,66,1
0,38,0
95,93,1
65,25,0
27,81,0
56,56,0
53,62,0
2,5,0
6,78,0
24,45,0
72,45,0
94,21,0
29,35,0
15,23,0
52,49,0
63,16,0
28,29,0
36,7,0
44,93,0
78,91,1
42,35,0
99,80,1
2,8,0
6,54,0
44,24,0
64,8,0
33,42,0
90,16,0
74,97,1
51,12,0
59,69,0
61,93,1
81,95,1
34,86,0
34,3,0
32,97,0
40,77,0
97,92,1
60,11,0
53,56,0
27,19,0
41,95,0
22,38,0
33,29,0
90,97,1
25,71,0
60,8,0
74,47,0
69,80,1
7,15,0
60,31,0
41,65,0
31,25,0
54,11,0
58,58,0
86,39,0
11,49,0
36,88,0
56,63,0
7,84,0
97,37,0
98,64,1
67,9,0
38,0,0
81,7,0
83,46,0
13,59,0
46,83,0
76,42,0
65,59,0
98,43,0
87,97,1
40,69,0
18,45,0
93,51,0
24,48,0
99,84,1
88,37,0
67,92,1
41,53,0
82,87,1
29,98,0
46,78,0
90,1,0
42,65,0
96,49,0
84,37,0
25,84,0
24,28,0
5,45,0
78,57,0
42,13,0
15,88,0
39,36,0
76,36,0
62,97,1
69,60,0
92,25,0
24,75,0
65,73,1
53,72,0
55,20,0
86,53,0
78,28,0
56,70,0
22,25,0
2,16,0
51,8,0
38,31,0
67,12,0
65,19,0
27,16,0
73,87,1
4,41,0
20,92,0
95,30,0
24,64,0
0,35,0
99,56,0
68,24,0
41,23,0
30,57,0
39,34,0
88,47,0
23,44,0
83,45,0
25,83,0
56,47,0
60,98,0
10,56,0
67,92,1
48,45,0
71,42,0
0,1,0
35,77,0
72,27,0
83,68,1
70,72,1
65,7,0
16,3,0
83,89,1
36,90,0
11,17,0
9,49,0
0,27,0
81,34,0
83,2,0
61,22,0
60,80,0
72,71,1
14,61,0
16,93,0
81,66,1
19,16,0
27,47,0
53,1,0
74,3,0
71,51,0
42,25,0
0,22,0
92,95,1
99,42,0
75,52,0
22,89,0
16,75,0
33,83,0
89,75,1
59,57,0
53,91,0
78,79,1
1,14,0
48,78,0
18,39,0
95,51,0
0,4,0
67,48,0
76,22,0
0,6,0
96,61,1
10,45,0
16,13,0
15,96,0
16,14,0
61,90,1
32,40,0
21,2,0
10,57,0
93,97,1
37,34,0
19,91,0
19,0,0
67,76,1
66,49,0
50,97,0
57,13,0
37,79,0
29,33,0
4,6,0
22,85,0
38,54,0
40,90,0
62,97,1
55,10,0
47,59,0
50,37,0
37,94,0
50,81,0
2,78,0
17,13,0
33,72,0
11,15,0
98,44,0
36,73,0
31,33,0
74,56,0
1,44,0
22,64,0
90,63,1
73,10,0
58,19,0
12,83,0
35,51,0
26,93,0
4,75,0
54,83,0
38,36,0
77,42,0
29,69,0
58,6,0
20,32,0
2,99,0
74,66,1
53,97,0
62,1,0
26,78,0
51,83,0
30,92,0
96,33,0
47,79,0
82,27,0
35,99,0
19,38,0
55,48,0
11,28,0
10,64,0
71,71,1
15,18,0
21,73,0
3,36,0
72,5,0
67,85,1
37,8,0
52,32,0
56,36,0
96,98,1
22,28,0
80,99,1
77,55,0
65,27,0
99,86,1
61,95,1
11,40,0
94,47,0
12,27,0
49,80,0
10,74,0
70,31,0
18,88,0
83,32,0
51,42,0
14,61,0
88,59,0
23,61,0
16,63,0
42,50,0
43,37,0
13,70,0
55,99,0
12,10,0
8,80,0
52,5,0
95,12,0
60,19,0
88,8,0
12,45,0
38,74,0
96,31,0
75,80,1
16,15,0
36,9,0
57,61,0
51,44,0
38,78,0
62,23,0
74,77,1
46,59,0
37,45,0
28,4,0
56,91,0
15,19,0
24,79,0
44,13,0
6,42,0
21,50,0
19,41,0
81,49,0
42,26,0
69,3,0
64,22,0
4,49,0
93,56,0
97,91,1
7,84,0
84,31,0
15,45,0
0,87,0
54,10,0
13,51,0
93,50,0
68,97,1
70,91,1
35,33,0
99,23,0
9,27,0
95,3,0
31,76,0
93,53,0
2,89,0
87,88,1
96,0,0
59,79,0
63,66,1
26,94,0
16,19,0
90,33,0
85,17,0
47,55,0
73,60,0
79,38,0
8,27,0
28,93,0
64,6,0
34,98,0
35,82,0
29,7,0
34,89,0
70,81,1
34,30,0
32,2,0
91,78,1
75,32,0
0,74,0
64,44,0
86,1,0
61,26,0
2,19,0
53,7,0
54,60,0
77,21,0
23,89,0
54,15,0
34,81,0
54,92,0
9,28,0
60,13,0
0,66,0
75,99,1
16,31,0
24,79,0
99,85,1
86,81,1
42,77,0
71,69,1
77,37,0
82,9,0
84,30,0
31,60,0
63,2,0
17,29,0
74,84,1
99,92,1
95,6,0
37,54,0
32,41,0
72,19,0
96,88,1
35,10,0
95,7,0
93,42,0
81,52,0
97,4,0
42,28,0
57,28,0
88,22,0
75,60,0
40,90,0
98,77,1
96,40,0
82,44,0
22,53,0
54,22,0
6,60,0
88,69,1
93,30,0
71,45,0
78,22,0
8,39,0
88,51,0
6,71,0
51,31,0
87,30,0
81,94,1
92,71,1
99,25,0
55,0,0
96,83,1
9,25,0
81,39,0
52,2,0
34,80,0
73,0,0
10,10,0
75,16,0
15,46,0
99,83,1
46,77,0
59,62,0
37,1,0
58,90,0
1,15,0
52,28,0
31,27,0
86,22,0
53,68,0
56,74,0
34,54,0
99,19,0
87,50,0
33,83,0
26,34,0
14,33,0
21,1,0
98,84,1
70,4,0
60,50,0
77,48,0
17,75,0
54,75,0
45,99,0
4,97,0
82,16,0
39,53,0
95,36,0
54,87,0
48,96,0
47,17,0
18,62,0
63,3,0
57,40,0
54,72,0
87,35,0
90,93,1
22,7,0
71,31,0
37,32,0
87,50,0
70,61,1
25,70,0
23,43,0
68,29,0
48,32,0
90,83,1
50,97,0
47,95,0
79,28,0
63,93,1
13,59,0
98,16,0
81,82,1
55,1,0
22,64,0
67,32,0
89,70,1
30,62,0
90,52,0
6,31,0
39,84,0
37,84,0
22,80,0
36,84,0
12,41,0
86,89,1
6,31,0
65,58,0
45,30,0
0,3,0
38,83,0
25,50,0
38,40,0
22,57,0
36,6,0
93,45,0
23,97,0
60,65,0
56,87,0
58,6,0
24,78,0
86,50,0
57,8,0
19,86,0
13,36,0
67,17,0
41,89,0
22,82,0
78,8,0
6,12,0
84,58,0
20,96,0
13,87,0
80,21,0
12,41,0
44,18,0
90,3,0
55,71,0
96,36,0
49,22,0
32,7,0
63,61,1
5,27,0
10,36,0
10,74,0
45,47,0
76,9,0
83,38,0
24,55,0
0,73,0
98,98,1
9,37,0
83,33,0
31,43,0
75,43,0
47,77,0
4,51,0
77,56,0
37,93,0
35,37,0
18,54,0
71,24,0
62,65,1
42,29,0
45,1,0
89,35,0
9,69,0
69,40,0
84,5,0
99,72,1
40,66,0
25,8,0
87,49,0
60,78,0
18,26,0
43,58,0
83,11,0
98,5,0
56,1,0
51,71,0
5,60,0
24,63,0
88,32,0
3,44,0
57,41,0
27,47,0
27,99,0
80,62,1
95,35,0
61,87,1
86,16,0
78,0,0
99,78,1
30,97,0
32,9,0
85,27,0
79,92,1
96,68,1
23,88,0
41,35,0
60,95,0
7,76,0
51,76,0
51,18,0
46,2,0
90,89,1
47,87,0
82,96,1
99,73,1
48,52,0
99,47,0
34,62,0
82,12,0
51,58,0
38,84,0
64,17,0
7,48,0
86,23,0
54,9,0
71,26,0
19,4,0
71,7,0
99,37,0
72,23,0
59,39,0
71,81,1
15,95,0
76,18,0
4,12,0
70,12,0
15,29,0
25,25,0
30,20,0
39,58,0
18,62,0
84,8,0
79,59,0
48,89,0
69,13,0
73,30,0
1,93,0
54,60,0
96,24,0
95,95,1
50,25,0
39,42,0
94,43,0
22,37,0
77,49,0
27,2,0
25,26,0
35,64,0
56,39,0
53,1,0
2,33,0
67,48,0
57,16,0
82,78,1
11,65,0
66,22,0
15,16,0
73,97,1
28,68,0
14,97,0
93,80,1
73,22,0
48,69,0
79,42,0
55,75,0
42,34,0
24,9,0
78,75,1
12,65,0
47,95,0
18,66,0
30,45,0
60,76,0
22,97,0
89,73,1
43,33,0
53,74,0
27,37,0
14,51,0
29,85,0
55,20,0
70,30,0
46,33,0
74,73,1
37,34,0
73,56,0
73,36,0
57,8,0
91,81,1
88,23,0
5,87,0
91,12,0
66,49,0
8,29,0
20,58,0
81,53,0
8,0,0
50,80,0
2,11,0
29,23,0
78,17,0
91,9,0
76,41,0
50,74,0
26,61,0
25,44,0
82,85,1
13,81,0
84,20,0
79,1,0
68,57,0
0,60,0
72,96,1
48,19,0
66,33,0
35,11,0
14,59,0
32,73,0
65,96,1
20,78,0
79,14,0
15,43,0
71,40,0
92,21,0
23,98,0
93,4,0
90,31,0
53,35,0
15,92,0
91,54,0
67,92,1
47,60,0
30,2,0
0,13,0
98,25,0
88,84,1
18,98,0
80,18,0
45,35,0
12,27,0
54,92,0
71,75,1
38,73,0
38,13,0
90,24,0
5,91,0
86,96,1
40,13,0
63,54,0
63,60,0
77,67,1
6,13,0
41,86,0
15,86,0
34,84,0
63,74,1
1,62,0
63,18,0
77,46,0
92,49,0
43,37,0
25,58,0
96,7,0
47,29,0
28,67,0
58,47,0
79,10,0
58,96,0
3,84,0
56,94,0
26,62,0
92,20,0
65,54,0
83,25,0
80,70,1
11,20,0
98,97,1
19,60,0
40,44,0
23,54,0
95,4,0
92,96,1
69,33,0
75,15,0
95,37,0
47,41,0
95,6,0
27,70,0
26,38,0
75,88,1
80,18,0
39,2,0
9,24,0
72,15,0
51,60,0
10,0,0
94,47,0
27,52,0
31,9,0
24,57,0
59,87,0
2,69,0
46,35,0
48,50,0
89,72,1
10,35,0
28,94,0
12,83,0
19,0,0
63,77,1
13,38,0
47,41,0
39,11,0
64,22,0
59,97,0
99,14,0
24,6,0
64,14,0
51,88,0
45,82,0
23,69,0
61,76,1
37,79,0
22,83,0
82,98,1
15,90,0
37,41,0
19,1,0
82,18,0
91,8,0
45,15,0
35,23,0
71,7,0
89,95,1
96,22,0
57,54,0
89,16,0
10,59,0
5,17,0
84,27,0
21,78,0
15,14,0
32,58,0
42,3,0
46,20,0
98,36,0
55,31,0
59,71,0
22,14,0
36,76,0
35,8,0
72,70,1
6,79,0
6,40,0
32,47,0
42,37,0
16,60,0
90,98,1
94,42,0
13,79,0
49,35,0
25,46,0
25,59,0
58,51,0
23,54,0
65,99,1
82,36,0
87,83,1
37,84,0
40,35,0
48,61,0
55,27,0
1,30,0
65,15,0
47,73,0
64,33,0
90,93,1
74,6,0
56,31,0
71,24,0
49,67,0
32,98,0
58,28,0
78,8,0
37,46,0
59,36,0
40,6,0
53,13,0
90,53,0
92,27,0
21,91,0
44,19,0
19,54,0
31,51,0
67,59,0
16,77,0
23,92,0
69,3,0
76,13,0
26,48,0
74,25,0
55,78,0
48,36,0
30,7,0
49,86,0
69,39,0
33,31,0
2,80,0
96,27,0
21,21,0
92,90,1
91,68,1
47,23,0
0,30,0
59,86,0
40,42,0
77,50,0
21,53,0
60,38,0
4,93,0
15,5,0
37,41,0
70,8,0
81,63,1
74,76,1
35,55,0
49,98,0
72,5,0
5,56,0
89,24,0
46,35,0
6,15,0
4,35,0
84,59,0
28,0,0
33,57,0
17,61,0
41,20,0
55,22,0
82,52,0
5,38,0